14558128
97268402
52038441
59438930
73642296
94145021
27204311
91800273
84192580
78661338
60990740
35112613
09822220
00102380
82385847
10000080
24508238
85106525
65681983
25311006
2295440
24224830
18144507
14532163
73628505
24299458
8267140
45141013
49238328
84211599
98645731
35261759
54693926
48130397
01845204
70368879
67616300
01475311
81439173
75500286
35269904
45986603
04031928
35480699
59750328
10045474
58921041
82732705
83326048
20899496
25096909
30748475
34047456
53582587
63086455
74003290
80101899
85698115
94192409
06351147
49299410
19254117
90846359
3184916
5474237
24207889
53334471
60306277
1569423
41420027
83266092
43331750
40605147
33698022
73580471
1686814
50954680
87837090
25862681
22850702
93125329
72444406
11765832
54757758
80532587
11321089
93039339
27552504
90590303
46772449
70636044
79559912
94259633
98978921
86066372
57134592
2857636
2772337
48815792
8264361
65741786
29301450
45112597
45819647
4280259
98127546
24361622
71818935
71607202
69601012
01269875
9674034
48452496
90241276
27260347
45663742
72270339
80845034
89023486
53639887
38511382
39931513
91810826
65326118
23657016
08175346
66730191
30336082
18969888
82570174
39402797
32909498
71832012
60764609
98567237
35552985
82135803
46640168
02463794
49867899
101205085
97651498
33854624
6637331
60242223
72656408
32731036
81497285
02347656
73602965
75730490
01225009
37629703
74018812
00002511
69895264
33407125
05380979
92714517
95679145
#60303688 Synchrozone
01984618
82956214
38339996
64612053
78371393
31764700
04779091
90829280
62318994
24215921
65261141
92670749
93729896
87532344
4717959
80453041
81034083
27439792
80312545
41165831
53417695
80801743
67680512
93084621
29479256
24269961
10019086
25451383
62962630
68468459
45484331
95515789
45883110
19096726
36577931
18973184
44362883
06498706
29948294
82738008
36637374
17751597
19271881
38811586
92892239
44146295
69946549
70534340
03410461
72272462
2415933
41373230
87746184
51409648
77723643
20618850
30430448
31562086
66712905
67835547
68957034
93229151
94445733
92107604
74659582
47219274
28373620
92385016
55990317
77066768
41367003
55204071
33746252
32181268
60238002
#44656491 Messenger of peace
33782437
19403423
81674782
19665973